strategy 1
followers: 4.043s
tweets: 30.23s 30.18 
timelines: 10.785s = 927
543026 / 600s
250000 timelines in 273.928358505 = 912

strategy 2:
followers: 3.83s
tweets: 39.2796s 38.884499836
timelines: 1_000_000 / 112.92s 112.18
